version https://git-lfs.github.com/spec/v1
oid sha256:f9417804b70d0cbcec7c349ad07aab365b8adcd4673c52db0bba1f207996e578
size 340
